# jobs used to calculate the 'Sudoku number'
./sudoku2      1 [[4,5,6,7,8,9],[7,8,9,1,2,3],[1,2,3,4,5,6]]
./sudoku2     27 [[4,5,6,7,8,9],[7,8,9,1,2,3],[1,2,3,4,6,5]]
./sudoku2     18 [[4,5,6,7,8,9],[7,8,9,1,2,3],[1,2,3,5,6,4]]
./sudoku2      9 [[4,5,6,7,8,9],[7,8,9,1,2,3],[1,3,2,4,6,5]]
./sudoku2     54 [[4,5,6,7,8,9],[7,8,9,1,2,3],[1,3,2,5,4,6]]
./sudoku2    108 [[4,5,6,7,8,9],[7,8,9,1,2,3],[1,3,2,5,6,4]]
./sudoku2     18 [[4,5,6,7,8,9],[7,8,9,1,2,3],[2,3,1,5,6,4]]
./sudoku2      6 [[4,5,6,7,8,9],[7,8,9,1,2,3],[2,3,1,6,4,5]]
./sudoku2     54 [[4,5,6,7,8,9],[7,8,9,1,3,2],[1,2,3,5,4,6]]
./sudoku2      9 [[4,5,6,7,8,9],[7,8,9,1,3,2],[1,3,2,4,6,5]]
./sudoku2     54 [[4,5,6,7,8,9],[7,8,9,1,3,2],[1,3,2,5,4,6]]
./sudoku2    108 [[4,5,6,7,8,9],[7,8,9,1,3,2],[1,3,2,5,6,4]]
./sudoku2     54 [[4,5,6,7,8,9],[7,8,9,1,3,2],[2,1,3,4,5,6]]
./sudoku2     54 [[4,5,6,7,8,9],[7,8,9,1,3,2],[2,1,3,5,4,6]]
./sudoku2    108 [[4,5,6,7,8,9],[7,8,9,1,3,2],[2,1,3,6,4,5]]
./sudoku2     54 [[4,5,6,7,8,9],[7,8,9,1,3,2],[2,1,3,6,5,4]]
./sudoku2    108 [[4,5,6,7,8,9],[7,8,9,1,3,2],[2,3,1,5,4,6]]
./sudoku2     54 [[4,5,6,7,8,9],[7,8,9,1,3,2],[2,3,1,5,6,4]]
./sudoku2     54 [[4,5,6,7,8,9],[7,8,9,1,3,2],[2,3,1,6,4,5]]
./sudoku2      6 [[4,5,6,7,8,9],[7,8,9,2,3,1],[1,2,3,6,4,5]]
./sudoku2     54 [[4,5,6,7,8,9],[7,8,9,2,3,1],[1,3,2,4,6,5]]
./sudoku2     54 [[4,5,6,7,8,9],[7,8,9,2,3,1],[1,3,2,5,4,6]]
./sudoku2      6 [[4,5,6,7,8,9],[7,8,9,2,3,1],[2,3,1,5,6,4]]
./sudoku2     18 [[4,5,6,7,8,9],[7,8,9,2,3,1],[2,3,1,6,4,5]]
./sudoku2      6 [[4,5,6,7,8,9],[7,8,9,2,3,1],[3,1,2,4,5,6]]
./sudoku2     54 [[4,5,6,7,8,9],[7,9,8,1,3,2],[2,1,3,5,4,6]]
./sudoku2     18 [[4,5,6,7,8,9],[7,9,8,1,3,2],[2,1,3,6,4,5]]
./sudoku2     54 [[4,5,6,7,8,9],[7,9,8,1,3,2],[2,3,1,5,4,6]]
./sudoku2     54 [[4,5,6,7,8,9],[7,9,8,2,1,3],[2,1,3,5,6,4]]
./sudoku2     18 [[4,5,6,7,8,9],[7,9,8,2,1,3],[2,1,3,6,5,4]]
./sudoku2      2 [[4,5,6,7,8,9],[8,9,7,3,1,2],[3,1,2,5,6,4]]
./sudoku2    378 [[4,5,7,6,8,9],[1,8,9,2,3,7],[2,3,6,1,4,5]]
./sudoku2    432 [[4,5,7,6,8,9],[1,8,9,2,3,7],[2,3,6,1,5,4]]
./sudoku2    108 [[4,5,7,6,8,9],[1,8,9,2,3,7],[2,3,6,4,1,5]]
./sudoku2    216 [[4,5,7,6,8,9],[1,8,9,2,3,7],[2,3,6,4,5,1]]
./sudoku2    162 [[4,5,7,6,8,9],[1,8,9,2,3,7],[2,3,6,5,1,4]]
./sudoku2    216 [[4,5,7,6,8,9],[1,8,9,2,3,7],[2,3,6,5,4,1]]
./sudoku2    432 [[4,5,7,6,8,9],[1,8,9,2,3,7],[2,6,3,1,4,5]]
./sudoku2    378 [[4,5,7,6,8,9],[1,8,9,2,3,7],[2,6,3,1,5,4]]
./sudoku2    216 [[4,5,7,6,8,9],[1,8,9,2,3,7],[2,6,3,4,1,5]]
./sudoku2     54 [[4,5,7,6,8,9],[1,8,9,2,3,7],[2,6,3,4,5,1]]
./sudoku2    432 [[4,5,7,6,8,9],[1,8,9,2,3,7],[2,6,3,5,1,4]]
./sudoku2    378 [[4,5,7,6,8,9],[1,8,9,2,3,7],[2,6,3,5,4,1]]
./sudoku2    216 [[4,5,7,6,8,9],[1,8,9,2,3,7],[3,2,6,1,4,5]]
./sudoku2    162 [[4,5,7,6,8,9],[1,8,9,2,3,7],[3,2,6,1,5,4]]
./sudoku2    432 [[4,5,7,6,8,9],[1,8,9,2,3,7],[3,2,6,4,1,5]]
./sudoku2    216 [[4,5,7,6,8,9],[1,8,9,2,3,7],[3,2,6,4,5,1]]
./sudoku2    432 [[4,5,7,6,8,9],[1,8,9,2,3,7],[3,2,6,5,1,4]]
./sudoku2    216 [[4,5,7,6,8,9],[1,8,9,2,3,7],[3,2,6,5,4,1]]
./sudoku2    216 [[4,5,7,6,8,9],[1,8,9,2,3,7],[3,6,2,1,4,5]]
./sudoku2    162 [[4,5,7,6,8,9],[1,8,9,2,3,7],[3,6,2,1,5,4]]
./sudoku2    432 [[4,5,7,6,8,9],[1,8,9,2,3,7],[3,6,2,4,1,5]]
./sudoku2     54 [[4,5,7,6,8,9],[1,8,9,2,3,7],[3,6,2,4,5,1]]
./sudoku2    270 [[4,5,7,6,8,9],[1,8,9,2,3,7],[3,6,2,5,1,4]]
./sudoku2    216 [[4,5,7,6,8,9],[1,8,9,2,3,7],[3,6,2,5,4,1]]
./sudoku2    216 [[4,5,7,6,8,9],[1,8,9,2,3,7],[6,2,3,1,4,5]]
./sudoku2    216 [[4,5,7,6,8,9],[1,8,9,2,3,7],[6,2,3,4,5,1]]
./sudoku2    216 [[4,5,7,6,8,9],[1,8,9,2,3,7],[6,2,3,5,1,4]]
./sudoku2    162 [[4,5,7,6,8,9],[1,8,9,2,3,7],[6,2,3,5,4,1]]
./sudoku2    216 [[4,5,7,6,8,9],[1,8,9,2,3,7],[6,3,2,1,4,5]]
./sudoku2    432 [[4,5,7,6,8,9],[1,8,9,2,3,7],[6,3,2,4,1,5]]
./sudoku2     54 [[4,5,7,6,8,9],[1,8,9,2,3,7],[6,3,2,4,5,1]]
./sudoku2    216 [[4,5,7,6,8,9],[1,8,9,2,3,7],[6,3,2,5,1,4]]
./sudoku2    216 [[4,5,7,6,8,9],[1,8,9,2,3,7],[6,3,2,5,4,1]]
./sudoku2    216 [[4,5,7,6,8,9],[1,8,9,2,7,3],[2,3,6,1,4,5]]
./sudoku2    216 [[4,5,7,6,8,9],[1,8,9,2,7,3],[2,3,6,1,5,4]]
./sudoku2    108 [[4,5,7,6,8,9],[1,8,9,2,7,3],[2,3,6,4,1,5]]
./sudoku2     54 [[4,5,7,6,8,9],[1,8,9,2,7,3],[2,3,6,4,5,1]]
./sudoku2    216 [[4,5,7,6,8,9],[1,8,9,2,7,3],[2,6,3,1,4,5]]
./sudoku2    162 [[4,5,7,6,8,9],[1,8,9,2,7,3],[2,6,3,1,5,4]]
./sudoku2    108 [[4,5,7,6,8,9],[1,8,9,2,7,3],[2,6,3,4,1,5]]
./sudoku2    216 [[4,5,7,6,8,9],[1,8,9,2,7,3],[2,6,3,5,1,4]]
./sudoku2    108 [[4,5,7,6,8,9],[1,8,9,2,7,3],[2,6,3,5,4,1]]
./sudoku2     54 [[4,5,7,6,8,9],[1,8,9,2,7,3],[3,2,6,1,5,4]]
./sudoku2    108 [[4,5,7,6,8,9],[1,8,9,2,7,3],[3,2,6,4,1,5]]
./sudoku2    108 [[4,5,7,6,8,9],[1,8,9,2,7,3],[3,6,2,1,4,5]]
./sudoku2    108 [[4,5,7,6,8,9],[1,8,9,2,7,3],[3,6,2,1,5,4]]
./sudoku2    108 [[4,5,7,6,8,9],[1,8,9,2,7,3],[3,6,2,4,1,5]]
./sudoku2    108 [[4,5,7,6,8,9],[1,8,9,2,7,3],[3,6,2,4,5,1]]
./sudoku2    216 [[4,5,7,6,8,9],[1,8,9,2,7,3],[3,6,2,5,1,4]]
./sudoku2    108 [[4,5,7,6,8,9],[1,8,9,2,7,3],[6,2,3,1,4,5]]
./sudoku2    108 [[4,5,7,6,8,9],[1,8,9,2,7,3],[6,2,3,1,5,4]]
./sudoku2    108 [[4,5,7,6,8,9],[1,8,9,2,7,3],[6,2,3,4,1,5]]
./sudoku2    216 [[4,5,7,6,8,9],[1,8,9,2,7,3],[6,2,3,4,5,1]]
./sudoku2    108 [[4,5,7,6,8,9],[1,8,9,2,7,3],[6,3,2,1,4,5]]
./sudoku2    108 [[4,5,7,6,8,9],[1,8,9,2,7,3],[6,3,2,1,5,4]]
./sudoku2    216 [[4,5,7,6,8,9],[1,8,9,2,7,3],[6,3,2,4,1,5]]
./sudoku2    216 [[4,5,7,6,8,9],[1,8,9,2,7,3],[6,3,2,4,5,1]]
./sudoku2    108 [[4,5,7,6,8,9],[1,8,9,2,7,3],[6,3,2,5,1,4]]
./sudoku2    108 [[4,5,7,6,8,9],[1,8,9,2,7,3],[6,3,2,5,4,1]]
./sudoku2    108 [[4,5,7,6,8,9],[1,8,9,3,2,7],[2,3,6,1,4,5]]
./sudoku2    108 [[4,5,7,6,8,9],[1,8,9,3,2,7],[2,3,6,1,5,4]]
./sudoku2    378 [[4,5,7,6,8,9],[1,8,9,3,2,7],[2,3,6,4,1,5]]
./sudoku2    108 [[4,5,7,6,8,9],[1,8,9,3,2,7],[2,3,6,4,5,1]]
./sudoku2    324 [[4,5,7,6,8,9],[1,8,9,3,2,7],[2,3,6,5,1,4]]
./sudoku2    108 [[4,5,7,6,8,9],[1,8,9,3,2,7],[2,3,6,5,4,1]]
./sudoku2    108 [[4,5,7,6,8,9],[1,8,9,3,2,7],[2,6,3,1,4,5]]
./sudoku2    270 [[4,5,7,6,8,9],[1,8,9,3,2,7],[2,6,3,4,1,5]]
./sudoku2    108 [[4,5,7,6,8,9],[1,8,9,3,2,7],[2,6,3,4,5,1]]
./sudoku2     18 [[4,5,7,6,8,9],[1,8,9,3,2,7],[2,6,3,5,1,4]]
./sudoku2    180 [[4,5,7,6,8,9],[1,8,9,3,2,7],[3,2,6,1,5,4]]
./sudoku2    432 [[4,5,7,6,8,9],[1,8,9,3,2,7],[3,6,2,1,4,5]]
./sudoku2    108 [[4,5,7,6,8,9],[1,8,9,3,2,7],[3,6,2,4,1,5]]
./sudoku2    108 [[4,5,7,6,8,9],[1,8,9,3,2,7],[6,3,2,1,4,5]]
./sudoku2    162 [[4,5,7,6,8,9],[1,8,9,3,7,2],[2,3,6,4,5,1]]
./sudoku2    108 [[4,5,7,6,8,9],[1,8,9,3,7,2],[2,3,6,5,1,4]]
./sudoku2     54 [[4,5,7,6,8,9],[1,8,9,3,7,2],[2,6,3,4,5,1]]
./sudoku2    216 [[4,5,7,6,8,9],[1,8,9,3,7,2],[2,6,3,5,1,4]]
./sudoku2    216 [[4,5,7,6,8,9],[1,8,9,3,7,2],[3,6,2,5,1,4]]
./sudoku2    108 [[4,5,7,6,8,9],[1,8,9,3,7,2],[3,6,2,5,4,1]]
./sudoku2    108 [[4,5,7,6,8,9],[1,8,9,3,7,2],[6,2,3,4,1,5]]
./sudoku2    108 [[4,5,7,6,8,9],[1,8,9,3,7,2],[6,2,3,4,5,1]]
./sudoku2    108 [[4,5,7,6,8,9],[1,8,9,3,7,2],[6,3,2,1,5,4]]
./sudoku2    108 [[4,5,7,6,8,9],[1,8,9,3,7,2],[6,3,2,4,1,5]]
./sudoku2    216 [[4,5,7,6,8,9],[1,8,9,3,7,2],[6,3,2,4,5,1]]
./sudoku2    108 [[4,5,7,6,8,9],[1,8,9,3,7,2],[6,3,2,5,1,4]]
./sudoku2    108 [[4,5,7,6,8,9],[1,8,9,3,7,2],[6,3,2,5,4,1]]
./sudoku2     54 [[4,5,7,6,8,9],[1,8,9,7,2,3],[2,3,6,1,4,5]]
./sudoku2    108 [[4,5,7,6,8,9],[1,8,9,7,2,3],[2,6,3,1,4,5]]
./sudoku2    108 [[4,5,7,6,8,9],[1,8,9,7,2,3],[2,6,3,4,1,5]]
./sudoku2     54 [[4,5,7,6,8,9],[1,8,9,7,2,3],[2,6,3,5,4,1]]
./sudoku2    108 [[4,5,7,6,8,9],[1,8,9,7,2,3],[3,2,6,1,4,5]]
./sudoku2    108 [[4,5,7,6,8,9],[1,8,9,7,2,3],[3,6,2,1,4,5]]
./sudoku2    108 [[4,5,7,6,8,9],[1,8,9,7,2,3],[3,6,2,4,1,5]]
./sudoku2    162 [[4,5,7,6,8,9],[1,8,9,7,2,3],[3,6,2,5,1,4]]
./sudoku2    270 [[4,5,7,6,8,9],[1,8,9,7,2,3],[3,6,2,5,4,1]]
./sudoku2     54 [[4,5,7,6,8,9],[1,8,9,7,2,3],[6,2,3,1,4,5]]
./sudoku2     54 [[4,5,7,6,8,9],[1,8,9,7,2,3],[6,2,3,1,5,4]]
./sudoku2    162 [[4,5,7,6,8,9],[1,8,9,7,2,3],[6,2,3,4,1,5]]
./sudoku2     18 [[4,5,7,6,8,9],[1,8,9,7,2,3],[6,2,3,4,5,1]]
./sudoku2     54 [[4,5,7,6,8,9],[1,8,9,7,2,3],[6,2,3,5,1,4]]
./sudoku2     54 [[4,5,7,6,8,9],[1,8,9,7,2,3],[6,2,3,5,4,1]]
./sudoku2    108 [[4,5,7,6,8,9],[1,8,9,7,2,3],[6,3,2,1,4,5]]
./sudoku2    108 [[4,5,7,6,8,9],[1,8,9,7,2,3],[6,3,2,1,5,4]]
./sudoku2     54 [[4,5,7,6,8,9],[1,8,9,7,2,3],[6,3,2,4,1,5]]
./sudoku2    216 [[4,5,7,6,8,9],[1,8,9,7,2,3],[6,3,2,4,5,1]]
./sudoku2    108 [[4,5,7,6,8,9],[1,8,9,7,2,3],[6,3,2,5,1,4]]
./sudoku2    108 [[4,5,7,6,8,9],[1,8,9,7,2,3],[6,3,2,5,4,1]]
./sudoku2     54 [[4,5,7,6,8,9],[1,8,9,7,3,2],[2,3,6,1,4,5]]
./sudoku2    108 [[4,5,7,6,8,9],[1,8,9,7,3,2],[2,6,3,1,4,5]]
./sudoku2    216 [[4,5,7,6,8,9],[1,8,9,7,3,2],[2,6,3,5,1,4]]
./sudoku2    108 [[4,5,7,6,8,9],[1,8,9,7,3,2],[3,6,2,1,4,5]]
./sudoku2    108 [[4,5,7,6,8,9],[1,8,9,7,3,2],[3,6,2,5,1,4]]
./sudoku2    108 [[4,5,7,6,8,9],[1,8,9,7,3,2],[6,2,3,1,4,5]]
./sudoku2    108 [[4,5,7,6,8,9],[1,8,9,7,3,2],[6,2,3,5,1,4]]
./sudoku2    108 [[4,5,7,6,8,9],[1,8,9,7,3,2],[6,3,2,1,4,5]]
./sudoku2    108 [[4,5,7,6,8,9],[1,8,9,7,3,2],[6,3,2,4,1,5]]
./sudoku2    108 [[4,5,7,6,8,9],[1,8,9,7,3,2],[6,3,2,5,1,4]]
./sudoku2    108 [[4,5,7,6,8,9],[1,8,9,7,3,2],[6,3,2,5,4,1]]
./sudoku2    162 [[4,5,7,6,8,9],[1,9,8,2,3,7],[2,3,6,1,4,5]]
./sudoku2    108 [[4,5,7,6,8,9],[1,9,8,2,3,7],[2,3,6,4,5,1]]
./sudoku2    108 [[4,5,7,6,8,9],[1,9,8,2,3,7],[2,3,6,5,4,1]]
./sudoku2    108 [[4,5,7,6,8,9],[1,9,8,2,3,7],[3,2,6,1,4,5]]
./sudoku2     54 [[4,5,7,6,8,9],[1,9,8,2,3,7],[3,2,6,1,5,4]]
./sudoku2    216 [[4,5,7,6,8,9],[1,9,8,2,3,7],[3,2,6,4,1,5]]
./sudoku2    108 [[4,5,7,6,8,9],[1,9,8,2,3,7],[3,2,6,4,5,1]]
./sudoku2    108 [[4,5,7,6,8,9],[1,9,8,2,3,7],[3,2,6,5,4,1]]
./sudoku2    108 [[4,5,7,6,8,9],[1,9,8,2,3,7],[6,2,3,4,5,1]]
./sudoku2    108 [[4,5,7,6,8,9],[1,9,8,2,3,7],[6,3,2,1,4,5]]
./sudoku2    108 [[4,5,7,6,8,9],[1,9,8,2,3,7],[6,3,2,1,5,4]]
./sudoku2    108 [[4,5,7,6,8,9],[1,9,8,2,3,7],[6,3,2,4,5,1]]
./sudoku2    216 [[4,5,7,6,8,9],[1,9,8,2,7,3],[2,6,3,1,4,5]]
./sudoku2    378 [[4,5,7,6,8,9],[1,9,8,2,7,3],[2,6,3,1,5,4]]
./sudoku2     54 [[4,5,7,6,8,9],[1,9,8,2,7,3],[2,6,3,4,5,1]]
./sudoku2    216 [[4,5,7,6,8,9],[1,9,8,2,7,3],[3,2,6,1,5,4]]
./sudoku2    108 [[4,5,7,6,8,9],[1,9,8,2,7,3],[3,2,6,5,1,4]]
./sudoku2    108 [[4,5,7,6,8,9],[1,9,8,2,7,3],[6,2,3,4,5,1]]
./sudoku2    108 [[4,5,7,6,8,9],[1,9,8,2,7,3],[6,3,2,1,5,4]]
./sudoku2    216 [[4,5,7,6,8,9],[1,9,8,2,7,3],[6,3,2,4,5,1]]
./sudoku2    108 [[4,5,7,6,8,9],[1,9,8,3,2,7],[2,3,6,4,1,5]]
./sudoku2    108 [[4,5,7,6,8,9],[1,9,8,3,2,7],[2,3,6,5,4,1]]
./sudoku2     54 [[4,5,7,6,8,9],[1,9,8,3,2,7],[2,6,3,4,1,5]]
./sudoku2    108 [[4,5,7,6,8,9],[1,9,8,3,2,7],[6,2,3,4,5,1]]
./sudoku2    108 [[4,5,7,6,8,9],[1,9,8,3,2,7],[6,3,2,4,5,1]]
./sudoku2     36 [[4,5,7,6,8,9],[1,9,8,3,7,2],[2,3,6,1,5,4]]
./sudoku2    216 [[4,5,7,6,8,9],[1,9,8,3,7,2],[2,3,6,5,1,4]]
./sudoku2     18 [[4,5,7,6,8,9],[1,9,8,3,7,2],[2,6,3,4,5,1]]
./sudoku2    108 [[4,5,7,6,8,9],[1,9,8,3,7,2],[6,2,3,4,5,1]]
./sudoku2    108 [[4,5,7,6,8,9],[1,9,8,3,7,2],[6,3,2,4,5,1]]
./sudoku2    216 [[4,5,7,6,8,9],[1,9,8,7,2,3],[2,3,6,5,1,4]]
./sudoku2    108 [[4,5,7,6,8,9],[1,9,8,7,2,3],[2,3,6,5,4,1]]
./sudoku2    108 [[4,5,7,6,8,9],[1,9,8,7,2,3],[3,2,6,5,1,4]]
./sudoku2    108 [[4,5,7,6,8,9],[1,9,8,7,2,3],[3,2,6,5,4,1]]
./sudoku2    108 [[4,5,7,6,8,9],[1,9,8,7,2,3],[6,3,2,5,1,4]]
./sudoku2    108 [[4,5,7,6,8,9],[1,9,8,7,3,2],[2,3,6,5,1,4]]
./sudoku2    216 [[4,5,7,6,8,9],[1,9,8,7,3,2],[2,3,6,5,4,1]]
./sudoku2    216 [[4,5,7,6,8,9],[1,9,8,7,3,2],[3,2,6,5,1,4]]
./sudoku2    108 [[4,5,7,6,8,9],[1,9,8,7,3,2],[3,2,6,5,4,1]]
./sudoku2     54 [[4,5,7,6,8,9],[1,9,8,7,3,2],[6,2,3,4,5,1]]
./sudoku2     54 [[4,5,7,6,8,9],[1,9,8,7,3,2],[6,3,2,5,1,4]]
./sudoku2     54 [[4,5,7,6,8,9],[1,9,8,7,3,2],[6,3,2,5,4,1]]
./sudoku2    216 [[4,5,7,6,8,9],[2,8,9,1,3,7],[3,6,1,2,4,5]]
./sudoku2    162 [[4,5,7,6,8,9],[2,8,9,1,3,7],[3,6,1,2,5,4]]
./sudoku2     54 [[4,5,7,6,8,9],[2,8,9,1,3,7],[3,6,1,4,2,5]]
./sudoku2    216 [[4,5,7,6,8,9],[2,8,9,1,3,7],[6,3,1,2,4,5]]
./sudoku2    216 [[4,5,7,6,8,9],[2,8,9,1,3,7],[6,3,1,2,5,4]]
./sudoku2    162 [[4,5,7,6,8,9],[2,8,9,1,3,7],[6,3,1,5,2,4]]
./sudoku2      6 [[4,5,7,6,8,9],[2,8,9,1,7,3],[1,6,3,4,5,2]]
./sudoku2     54 [[4,5,7,6,8,9],[2,8,9,1,7,3],[3,6,1,2,5,4]]
./sudoku2    108 [[4,5,7,6,8,9],[2,8,9,1,7,3],[6,1,3,2,4,5]]
./sudoku2     54 [[4,5,7,6,8,9],[2,8,9,1,7,3],[6,1,3,2,5,4]]
./sudoku2     54 [[4,5,7,6,8,9],[2,8,9,1,7,3],[6,3,1,2,4,5]]
./sudoku2     54 [[4,5,7,6,8,9],[2,8,9,7,1,3],[1,6,3,2,4,5]]
./sudoku2    108 [[4,5,7,6,8,9],[2,8,9,7,1,3],[3,6,1,2,4,5]]
./sudoku2     54 [[4,5,7,6,8,9],[2,8,9,7,1,3],[3,6,1,2,5,4]]
./sudoku2    108 [[4,5,7,6,8,9],[2,8,9,7,1,3],[6,1,3,2,4,5]]
./sudoku2    108 [[4,5,7,6,8,9],[2,8,9,7,1,3],[6,1,3,2,5,4]]
./sudoku2     54 [[4,5,7,6,8,9],[2,8,9,7,1,3],[6,1,3,5,4,2]]
./sudoku2    108 [[4,5,7,6,8,9],[2,8,9,7,1,3],[6,3,1,2,4,5]]
./sudoku2    108 [[4,5,7,6,8,9],[2,8,9,7,1,3],[6,3,1,2,5,4]]
./sudoku2     18 [[4,5,7,6,8,9],[2,8,9,7,3,1],[1,6,3,2,4,5]]
./sudoku2     54 [[4,5,7,6,8,9],[2,8,9,7,3,1],[3,6,1,2,5,4]]
./sudoku2    108 [[4,5,7,6,8,9],[2,8,9,7,3,1],[6,1,3,2,4,5]]
./sudoku2    108 [[4,5,7,6,8,9],[2,8,9,7,3,1],[6,1,3,2,5,4]]
./sudoku2    108 [[4,5,7,6,8,9],[2,8,9,7,3,1],[6,1,3,5,4,2]]
./sudoku2    108 [[4,5,7,6,8,9],[2,8,9,7,3,1],[6,3,1,2,4,5]]
./sudoku2    108 [[4,5,7,6,8,9],[2,8,9,7,3,1],[6,3,1,2,5,4]]
./sudoku2     54 [[4,5,7,6,8,9],[2,8,9,7,3,1],[6,3,1,5,2,4]]
./sudoku2     54 [[4,5,7,6,8,9],[2,9,8,1,3,7],[3,1,6,2,4,5]]
./sudoku2    108 [[4,5,7,6,8,9],[2,9,8,1,3,7],[3,1,6,2,5,4]]
./sudoku2     54 [[4,5,7,6,8,9],[2,9,8,1,3,7],[3,1,6,5,4,2]]
./sudoku2     54 [[4,5,7,6,8,9],[2,9,8,1,3,7],[6,1,3,2,4,5]]
./sudoku2    108 [[4,5,7,6,8,9],[2,9,8,1,3,7],[6,1,3,2,5,4]]
./sudoku2     54 [[4,5,7,6,8,9],[2,9,8,1,3,7],[6,3,1,2,5,4]]
./sudoku2     54 [[4,5,7,6,8,9],[2,9,8,3,1,7],[3,1,6,5,2,4]]
./sudoku2    108 [[4,5,7,6,8,9],[2,9,8,3,1,7],[3,1,6,5,4,2]]
./sudoku2     72 [[4,5,7,6,8,9],[2,9,8,3,7,1],[3,6,1,5,4,2]]
./sudoku2    108 [[4,5,7,6,8,9],[2,9,8,7,1,3],[3,1,6,2,4,5]]
./sudoku2    108 [[4,5,7,6,8,9],[2,9,8,7,1,3],[3,1,6,2,5,4]]
./sudoku2    108 [[4,5,7,6,8,9],[2,9,8,7,1,3],[6,1,3,2,4,5]]
./sudoku2    108 [[4,5,7,6,8,9],[2,9,8,7,1,3],[6,3,1,2,4,5]]
./sudoku2    108 [[4,5,7,6,8,9],[2,9,8,7,1,3],[6,3,1,2,5,4]]
./sudoku2    108 [[4,5,7,6,8,9],[2,9,8,7,3,1],[3,1,6,2,4,5]]
./sudoku2    108 [[4,5,7,6,8,9],[2,9,8,7,3,1],[6,3,1,2,4,5]]
./sudoku2    108 [[4,5,7,6,8,9],[2,9,8,7,3,1],[6,3,1,2,5,4]]
./sudoku2    108 [[4,5,7,6,8,9],[3,8,9,1,2,7],[6,1,2,3,4,5]]
./sudoku2    216 [[4,5,7,6,8,9],[3,8,9,1,2,7],[6,1,2,3,5,4]]
./sudoku2     72 [[4,5,7,6,8,9],[3,8,9,1,2,7],[6,2,1,3,5,4]]
./sudoku2    108 [[4,5,7,6,8,9],[3,8,9,1,7,2],[6,1,2,3,4,5]]
./sudoku2    108 [[4,5,7,6,8,9],[3,8,9,1,7,2],[6,1,2,3,5,4]]
./sudoku2    108 [[4,5,7,6,8,9],[3,8,9,1,7,2],[6,1,2,5,3,4]]
./sudoku2     54 [[4,5,7,6,8,9],[3,8,9,1,7,2],[6,2,1,3,5,4]]
./sudoku2    108 [[4,5,7,6,8,9],[3,8,9,1,7,2],[6,2,1,5,3,4]]
./sudoku2    108 [[4,5,7,6,8,9],[3,8,9,2,1,7],[6,1,2,3,4,5]]
./sudoku2    108 [[4,5,7,6,8,9],[3,8,9,2,1,7],[6,1,2,3,5,4]]
./sudoku2    216 [[4,5,7,6,8,9],[3,8,9,2,1,7],[6,2,1,3,4,5]]
./sudoku2    162 [[4,5,7,6,8,9],[3,8,9,2,1,7],[6,2,1,3,5,4]]
./sudoku2    108 [[4,5,7,6,8,9],[3,8,9,2,7,1],[6,1,2,5,3,4]]
./sudoku2     54 [[4,5,7,6,8,9],[3,8,9,2,7,1],[6,2,1,3,5,4]]
./sudoku2     54 [[4,5,7,6,8,9],[3,8,9,7,1,2],[6,1,2,3,4,5]]
./sudoku2    108 [[4,5,7,6,8,9],[3,8,9,7,1,2],[6,1,2,3,5,4]]
./sudoku2     54 [[4,5,7,6,8,9],[3,8,9,7,1,2],[6,2,1,3,5,4]]
./sudoku2     54 [[4,5,7,6,8,9],[3,8,9,7,2,1],[6,1,2,3,4,5]]
./sudoku2    216 [[4,5,7,6,8,9],[3,9,8,1,7,2],[6,1,2,3,4,5]]
./sudoku2     72 [[4,5,7,6,8,9],[3,9,8,1,7,2],[6,1,2,3,5,4]]
./sudoku2    108 [[4,5,7,6,8,9],[3,9,8,2,1,7],[1,2,6,3,4,5]]
./sudoku2     36 [[4,5,7,6,8,9],[3,9,8,2,1,7],[6,1,2,3,4,5]]
./sudoku2    108 [[4,5,7,6,8,9],[3,9,8,2,1,7],[6,2,1,3,4,5]]
./sudoku2     54 [[4,5,7,6,8,9],[3,9,8,2,7,1],[6,1,2,3,5,4]]
./sudoku2    108 [[4,5,7,6,8,9],[3,9,8,7,1,2],[1,2,6,3,4,5]]
./sudoku2     54 [[4,5,7,6,8,9],[3,9,8,7,1,2],[1,2,6,3,5,4]]
./sudoku2    108 [[4,5,7,6,8,9],[3,9,8,7,1,2],[2,1,6,3,4,5]]
./sudoku2    108 [[4,5,7,6,8,9],[3,9,8,7,1,2],[2,1,6,3,5,4]]
./sudoku2    108 [[4,5,7,6,8,9],[3,9,8,7,1,2],[2,1,6,5,3,4]]
./sudoku2    108 [[4,5,7,6,8,9],[3,9,8,7,1,2],[6,1,2,3,4,5]]
./sudoku2    108 [[4,5,7,6,8,9],[3,9,8,7,1,2],[6,1,2,3,5,4]]
./sudoku2    108 [[4,5,7,6,8,9],[3,9,8,7,1,2],[6,2,1,3,5,4]]
./sudoku2     54 [[4,5,7,6,8,9],[3,9,8,7,2,1],[1,2,6,3,4,5]]
./sudoku2    108 [[4,5,7,6,8,9],[3,9,8,7,2,1],[2,1,6,3,4,5]]
./sudoku2    108 [[4,5,7,6,8,9],[3,9,8,7,2,1],[2,1,6,3,5,4]]
./sudoku2    108 [[4,5,7,6,8,9],[3,9,8,7,2,1],[6,1,2,3,4,5]]
./sudoku2    108 [[4,5,7,6,8,9],[3,9,8,7,2,1],[6,1,2,3,5,4]]
./sudoku2     18 [[4,5,7,6,8,9],[8,1,9,2,3,7],[6,3,2,4,1,5]]
./sudoku2     54 [[4,5,7,6,8,9],[8,3,9,2,1,7],[2,6,1,3,5,4]]
./sudoku2     54 [[4,5,7,6,8,9],[8,9,1,2,3,7],[2,3,6,1,4,5]]
./sudoku2    108 [[4,5,7,6,8,9],[8,9,1,2,3,7],[3,2,6,1,4,5]]
./sudoku2    108 [[4,5,7,6,8,9],[8,9,1,2,7,3],[2,3,6,1,5,4]]
./sudoku2    108 [[4,5,7,6,8,9],[8,9,1,2,7,3],[2,3,6,5,1,4]]
./sudoku2     54 [[4,5,7,6,8,9],[8,9,1,2,7,3],[3,2,6,1,5,4]]
./sudoku2     54 [[4,5,7,6,8,9],[8,9,1,7,2,3],[2,3,6,1,4,5]]
./sudoku2    108 [[4,5,7,6,8,9],[8,9,1,7,2,3],[2,3,6,1,5,4]]
./sudoku2     54 [[4,5,7,6,8,9],[8,9,1,7,2,3],[2,3,6,5,1,4]]
./sudoku2    108 [[4,5,7,6,8,9],[8,9,1,7,2,3],[3,2,6,1,4,5]]
./sudoku2    108 [[4,5,7,6,8,9],[8,9,1,7,2,3],[3,2,6,1,5,4]]
./sudoku2    108 [[4,5,7,6,8,9],[8,9,1,7,2,3],[3,2,6,5,1,4]]
./sudoku2    108 [[4,5,7,6,8,9],[8,9,1,7,3,2],[2,3,6,1,4,5]]
./sudoku2    108 [[4,5,7,6,8,9],[8,9,1,7,3,2],[3,2,6,1,4,5]]
./sudoku2     54 [[4,5,7,6,8,9],[8,9,1,7,3,2],[3,2,6,1,5,4]]
./sudoku2     54 [[4,5,7,6,8,9],[8,9,2,7,1,3],[1,3,6,2,4,5]]
./sudoku2     54 [[4,5,7,6,8,9],[8,9,2,7,1,3],[1,3,6,2,5,4]]
./sudoku2    108 [[4,5,7,6,8,9],[8,9,2,7,1,3],[3,1,6,2,4,5]]
./sudoku2     54 [[4,5,7,6,8,9],[8,9,2,7,3,1],[1,3,6,2,5,4]]
./sudoku2     18 [[4,5,7,6,8,9],[8,9,2,7,3,1],[3,1,6,2,4,5]]
./sudoku2     54 [[4,5,7,6,8,9],[8,9,3,2,7,1],[2,1,6,3,5,4]]
./sudoku2     54 [[4,5,7,6,8,9],[8,9,3,7,1,2],[2,1,6,3,5,4]]
./sudoku2     54 [[4,5,7,6,8,9],[8,9,3,7,1,2],[2,1,6,5,3,4]]
./sudoku2     18 [[4,5,7,6,8,9],[8,9,3,7,1,2],[6,1,2,5,3,4]]
./sudoku2    108 [[4,5,7,6,8,9],[8,9,3,7,2,1],[2,1,6,3,5,4]]
./sudoku2     54 [[4,5,7,6,8,9],[9,1,8,7,2,3],[3,2,6,1,5,4]]
./sudoku2     54 [[4,5,7,6,8,9],[9,1,8,7,2,3],[3,6,2,1,5,4]]
./sudoku2     54 [[4,5,7,6,8,9],[9,3,8,7,2,1],[1,6,2,3,5,4]]
./sudoku2     54 [[4,5,7,6,8,9],[9,8,1,7,2,3],[3,2,6,1,5,4]]
./sudoku2      3 [[4,5,9,6,7,8],[7,8,3,9,1,2],[1,2,6,3,4,5]]
./sudoku2     27 [[4,5,9,6,7,8],[7,8,3,9,1,2],[1,2,6,3,5,4]]
./sudoku2      9 [[4,5,9,6,7,8],[7,8,3,9,1,2],[2,1,6,3,5,4]]
./sudoku2      9 [[4,5,9,6,7,8],[7,8,3,9,2,1],[2,1,6,3,5,4]]
