[456789,789123,123456]: 4 * 108374976
[456789,789123,123465]: 108 * 102543168
[456789,789123,123564]: 72 * 100231616
[456789,789123,132465]: 216 * 102047904
[456789,789123,132546]: 216 * 98875264
[456789,789123,132564]: 2592 * 98733568
[456789,789123,231564]: 72 * 97685328
[456789,789123,231645]: 510 * 98950072
[456789,789132,123546]: 216 * 99083712
[456789,789132,132546]: 216 * 98875264
[456789,789132,213456]: 216 * 99525184
[456789,789132,213546]: 1296 * 98369440
[456789,789132,213645]: 1404 * 97287008
[456789,789132,213654]: 540 * 98128064
[456789,789132,231546]: 702 * 98153104
[456789,789132,231564]: 270 * 97961464
[456789,789132,231645]: 2214 * 97961464
[456789,789231,123645]: 24 * 97282720
[456789,789231,132546]: 108 * 98128064
[456789,789231,231564]: 6 * 98950072
[456789,789231,231645]: 504 * 97685328
[456789,789231,312456]: 6 * 99258880
[456789,798132,213546]: 1350 * 97477096
[456789,798132,213645]: 666 * 97549160
[456789,798132,231546]: 756 * 96702240
[456789,798213,213564]: 702 * 97477096
[456789,798213,213654]: 18 * 97549160
[456789,897312,312564]: 20 * 94888576
[457689,189237,263145]: 2268 * 97116296
[457689,189237,263154]: 1134 * 98371664
[457689,189237,263514]: 2592 * 97539392
[457689,189237,362145]: 2052 * 96482296
[457689,189237,362154]: 486 * 97346960
[457689,189273,263145]: 972 * 97910032
[457689,189273,263154]: 270 * 98493856
[457689,189273,263514]: 864 * 98119872
[457689,189273,362154]: 270 * 97346960
[457689,189273,623154]: 864 * 98733184
[457689,189273,632154]: 540 * 97455648
[457689,189273,632514]: 972 * 97116296
[457689,189327,362145]: 1620 * 97416016
[457689,189723,623145]: 432 * 98784768
[457689,189723,623154]: 144 * 101131392
[457689,189723,623514]: 432 * 97992064
[457689,189723,632154]: 864 * 97756224
[457689,189732,623514]: 324 * 96380896
[457689,198723,236514]: 540 * 97910032
[457689,198723,326514]: 270 * 97416016
[457689,198723,632514]: 270 * 97714592
[457689,198732,632514]: 234 * 96100688
[457689,289137,361245]: 540 * 96482296
[457689,289137,361254]: 288 * 96807424
[457689,289137,631524]: 288 * 96631520
[457689,289173,163452]: 6 * 99258880
[457689,289173,613245]: 216 * 97372400
[457689,289173,613254]: 54 * 97714592
[457689,289731,163245]: 18 * 96100688
[457689,289731,613254]: 108 * 97372400
[457689,289731,613542]: 108 * 95596592
[457689,298137,316245]: 54 * 95596592
[457689,298137,316254]: 378 * 95596592
[457689,298713,316245]: 108 * 96482296
[457689,389271,612534]: 108 * 96482296
[457689,389712,612345]: 54 * 98371664
[457689,398217,126345]: 108 * 97455648
[457689,398217,612345]: 36 * 97372400
[457689,398721,126345]: 54 * 97416016
[457689,398721,216354]: 108 * 97287008
[457689,398721,612345]: 108 * 98048704
[457689,891723,236514]: 54 * 98493856
[457689,893271,216354]: 54 * 98153104
