[[4,5,6,7,8,9],[7,8,9,1,2,3],[1,2,3,4,5,6]]: 1 * 108374976
[[4,5,6,7,8,9],[7,8,9,1,2,3],[1,2,3,4,6,5]]: 27 * 102543168
[[4,5,6,7,8,9],[7,8,9,1,2,3],[1,2,3,5,6,4]]: 18 * 100231616
[[4,5,6,7,8,9],[7,8,9,1,2,3],[1,3,2,4,6,5]]: 9 * 102047904
[[4,5,6,7,8,9],[7,8,9,1,2,3],[1,3,2,5,4,6]]: 54 * 98875264
[[4,5,6,7,8,9],[7,8,9,1,2,3],[1,3,2,5,6,4]]: 108 * 98733568
[[4,5,6,7,8,9],[7,8,9,1,2,3],[2,3,1,5,6,4]]: 18 * 97685328
[[4,5,6,7,8,9],[7,8,9,1,2,3],[2,3,1,6,4,5]]: 6 * 98950072
[[4,5,6,7,8,9],[7,8,9,1,3,2],[1,2,3,5,4,6]]: 54 * 99083712
[[4,5,6,7,8,9],[7,8,9,1,3,2],[1,3,2,4,6,5]]: 9 * 102047904
[[4,5,6,7,8,9],[7,8,9,1,3,2],[1,3,2,5,4,6]]: 54 * 98875264
[[4,5,6,7,8,9],[7,8,9,1,3,2],[1,3,2,5,6,4]]: 108 * 98733568
[[4,5,6,7,8,9],[7,8,9,1,3,2],[2,1,3,4,5,6]]: 54 * 99525184
[[4,5,6,7,8,9],[7,8,9,1,3,2],[2,1,3,5,4,6]]: 54 * 98369440
[[4,5,6,7,8,9],[7,8,9,1,3,2],[2,1,3,6,4,5]]: 108 * 97287008
[[4,5,6,7,8,9],[7,8,9,1,3,2],[2,1,3,6,5,4]]: 54 * 98128064
[[4,5,6,7,8,9],[7,8,9,1,3,2],[2,3,1,5,4,6]]: 108 * 98153104
[[4,5,6,7,8,9],[7,8,9,1,3,2],[2,3,1,5,6,4]]: 54 * 97961464
[[4,5,6,7,8,9],[7,8,9,1,3,2],[2,3,1,6,4,5]]: 54 * 97961464
[[4,5,6,7,8,9],[7,8,9,2,3,1],[1,2,3,6,4,5]]: 6 * 97282720
[[4,5,6,7,8,9],[7,8,9,2,3,1],[1,3,2,4,6,5]]: 54 * 98369440
[[4,5,6,7,8,9],[7,8,9,2,3,1],[1,3,2,5,4,6]]: 54 * 98128064
[[4,5,6,7,8,9],[7,8,9,2,3,1],[2,3,1,5,6,4]]: 6 * 98950072
[[4,5,6,7,8,9],[7,8,9,2,3,1],[2,3,1,6,4,5]]: 18 * 97685328
[[4,5,6,7,8,9],[7,8,9,2,3,1],[3,1,2,4,5,6]]: 6 * 99258880
[[4,5,6,7,8,9],[7,9,8,1,3,2],[2,1,3,5,4,6]]: 54 * 97477096
[[4,5,6,7,8,9],[7,9,8,1,3,2],[2,1,3,6,4,5]]: 18 * 97549160
[[4,5,6,7,8,9],[7,9,8,1,3,2],[2,3,1,5,4,6]]: 54 * 96702240
[[4,5,6,7,8,9],[7,9,8,2,1,3],[2,1,3,5,6,4]]: 54 * 97477096
[[4,5,6,7,8,9],[7,9,8,2,1,3],[2,1,3,6,5,4]]: 18 * 97549160
[[4,5,6,7,8,9],[8,9,7,3,1,2],[3,1,2,5,6,4]]: 2 * 94888576
[[4,5,7,6,8,9],[1,8,9,2,3,7],[2,3,6,1,4,5]]: 378 * 97685328
[[4,5,7,6,8,9],[1,8,9,2,3,7],[2,3,6,1,5,4]]: 432 * 98733568
[[4,5,7,6,8,9],[1,8,9,2,3,7],[2,3,6,4,1,5]]: 108 * 97685328
[[4,5,7,6,8,9],[1,8,9,2,3,7],[2,3,6,4,5,1]]: 216 * 98733568
[[4,5,7,6,8,9],[1,8,9,2,3,7],[2,3,6,5,1,4]]: 162 * 97961464
[[4,5,7,6,8,9],[1,8,9,2,3,7],[2,3,6,5,4,1]]: 216 * 97961464
[[4,5,7,6,8,9],[1,8,9,2,3,7],[2,6,3,1,4,5]]: 432 * 97116296
[[4,5,7,6,8,9],[1,8,9,2,3,7],[2,6,3,1,5,4]]: 378 * 98371664
[[4,5,7,6,8,9],[1,8,9,2,3,7],[2,6,3,4,1,5]]: 216 * 97116296
[[4,5,7,6,8,9],[1,8,9,2,3,7],[2,6,3,4,5,1]]: 54 * 98371664
[[4,5,7,6,8,9],[1,8,9,2,3,7],[2,6,3,5,1,4]]: 432 * 97539392
[[4,5,7,6,8,9],[1,8,9,2,3,7],[2,6,3,5,4,1]]: 378 * 97539392
[[4,5,7,6,8,9],[1,8,9,2,3,7],[3,2,6,1,4,5]]: 216 * 97287008
[[4,5,7,6,8,9],[1,8,9,2,3,7],[3,2,6,1,5,4]]: 162 * 98369440
[[4,5,7,6,8,9],[1,8,9,2,3,7],[3,2,6,4,1,5]]: 432 * 97287008
[[4,5,7,6,8,9],[1,8,9,2,3,7],[3,2,6,4,5,1]]: 216 * 98369440
[[4,5,7,6,8,9],[1,8,9,2,3,7],[3,2,6,5,1,4]]: 432 * 98733568
[[4,5,7,6,8,9],[1,8,9,2,3,7],[3,2,6,5,4,1]]: 216 * 98733568
[[4,5,7,6,8,9],[1,8,9,2,3,7],[3,6,2,1,4,5]]: 216 * 96482296
[[4,5,7,6,8,9],[1,8,9,2,3,7],[3,6,2,1,5,4]]: 162 * 97346960
[[4,5,7,6,8,9],[1,8,9,2,3,7],[3,6,2,4,1,5]]: 432 * 96482296
[[4,5,7,6,8,9],[1,8,9,2,3,7],[3,6,2,4,5,1]]: 54 * 97346960
[[4,5,7,6,8,9],[1,8,9,2,3,7],[3,6,2,5,1,4]]: 270 * 97539392
[[4,5,7,6,8,9],[1,8,9,2,3,7],[3,6,2,5,4,1]]: 216 * 97539392
[[4,5,7,6,8,9],[1,8,9,2,3,7],[6,2,3,1,4,5]]: 216 * 97287008
[[4,5,7,6,8,9],[1,8,9,2,3,7],[6,2,3,4,5,1]]: 216 * 98733568
[[4,5,7,6,8,9],[1,8,9,2,3,7],[6,2,3,5,1,4]]: 216 * 98369440
[[4,5,7,6,8,9],[1,8,9,2,3,7],[6,2,3,5,4,1]]: 162 * 98369440
[[4,5,7,6,8,9],[1,8,9,2,3,7],[6,3,2,1,4,5]]: 216 * 97116296
[[4,5,7,6,8,9],[1,8,9,2,3,7],[6,3,2,4,1,5]]: 432 * 97116296
[[4,5,7,6,8,9],[1,8,9,2,3,7],[6,3,2,4,5,1]]: 54 * 98369440
[[4,5,7,6,8,9],[1,8,9,2,3,7],[6,3,2,5,1,4]]: 216 * 97477096
[[4,5,7,6,8,9],[1,8,9,2,3,7],[6,3,2,5,4,1]]: 216 * 97477096
[[4,5,7,6,8,9],[1,8,9,2,7,3],[2,3,6,1,4,5]]: 216 * 97961464
[[4,5,7,6,8,9],[1,8,9,2,7,3],[2,3,6,1,5,4]]: 216 * 98153104
[[4,5,7,6,8,9],[1,8,9,2,7,3],[2,3,6,4,1,5]]: 108 * 97961464
[[4,5,7,6,8,9],[1,8,9,2,7,3],[2,3,6,4,5,1]]: 54 * 98153104
[[4,5,7,6,8,9],[1,8,9,2,7,3],[2,6,3,1,4,5]]: 216 * 97910032
[[4,5,7,6,8,9],[1,8,9,2,7,3],[2,6,3,1,5,4]]: 162 * 98493856
[[4,5,7,6,8,9],[1,8,9,2,7,3],[2,6,3,4,1,5]]: 108 * 97910032
[[4,5,7,6,8,9],[1,8,9,2,7,3],[2,6,3,5,1,4]]: 216 * 98119872
[[4,5,7,6,8,9],[1,8,9,2,7,3],[2,6,3,5,4,1]]: 108 * 98119872
[[4,5,7,6,8,9],[1,8,9,2,7,3],[3,2,6,1,5,4]]: 54 * 98369440
[[4,5,7,6,8,9],[1,8,9,2,7,3],[3,2,6,4,1,5]]: 108 * 97287008
[[4,5,7,6,8,9],[1,8,9,2,7,3],[3,6,2,1,4,5]]: 108 * 96482296
[[4,5,7,6,8,9],[1,8,9,2,7,3],[3,6,2,1,5,4]]: 108 * 97346960
[[4,5,7,6,8,9],[1,8,9,2,7,3],[3,6,2,4,1,5]]: 108 * 96482296
[[4,5,7,6,8,9],[1,8,9,2,7,3],[3,6,2,4,5,1]]: 108 * 97346960
[[4,5,7,6,8,9],[1,8,9,2,7,3],[3,6,2,5,1,4]]: 216 * 97539392
[[4,5,7,6,8,9],[1,8,9,2,7,3],[6,2,3,1,4,5]]: 108 * 98128064
[[4,5,7,6,8,9],[1,8,9,2,7,3],[6,2,3,1,5,4]]: 108 * 98733184
[[4,5,7,6,8,9],[1,8,9,2,7,3],[6,2,3,4,1,5]]: 108 * 98128064
[[4,5,7,6,8,9],[1,8,9,2,7,3],[6,2,3,4,5,1]]: 216 * 98733184
[[4,5,7,6,8,9],[1,8,9,2,7,3],[6,3,2,1,4,5]]: 108 * 97477096
[[4,5,7,6,8,9],[1,8,9,2,7,3],[6,3,2,1,5,4]]: 108 * 97455648
[[4,5,7,6,8,9],[1,8,9,2,7,3],[6,3,2,4,1,5]]: 216 * 97477096
[[4,5,7,6,8,9],[1,8,9,2,7,3],[6,3,2,4,5,1]]: 216 * 97455648
[[4,5,7,6,8,9],[1,8,9,2,7,3],[6,3,2,5,1,4]]: 108 * 97116296
[[4,5,7,6,8,9],[1,8,9,2,7,3],[6,3,2,5,4,1]]: 108 * 97116296
[[4,5,7,6,8,9],[1,8,9,3,2,7],[2,3,6,1,4,5]]: 108 * 97961464
[[4,5,7,6,8,9],[1,8,9,3,2,7],[2,3,6,1,5,4]]: 108 * 98733568
[[4,5,7,6,8,9],[1,8,9,3,2,7],[2,3,6,4,1,5]]: 378 * 97961464
[[4,5,7,6,8,9],[1,8,9,3,2,7],[2,3,6,4,5,1]]: 108 * 98733568
[[4,5,7,6,8,9],[1,8,9,3,2,7],[2,3,6,5,1,4]]: 324 * 98950072
[[4,5,7,6,8,9],[1,8,9,3,2,7],[2,3,6,5,4,1]]: 108 * 98950072
[[4,5,7,6,8,9],[1,8,9,3,2,7],[2,6,3,1,4,5]]: 108 * 97961464
[[4,5,7,6,8,9],[1,8,9,3,2,7],[2,6,3,4,1,5]]: 270 * 97961464
[[4,5,7,6,8,9],[1,8,9,3,2,7],[2,6,3,4,5,1]]: 108 * 98733568
[[4,5,7,6,8,9],[1,8,9,3,2,7],[2,6,3,5,1,4]]: 18 * 98950072
[[4,5,7,6,8,9],[1,8,9,3,2,7],[3,2,6,1,5,4]]: 180 * 102047904
[[4,5,7,6,8,9],[1,8,9,3,2,7],[3,6,2,1,4,5]]: 432 * 97416016
[[4,5,7,6,8,9],[1,8,9,3,2,7],[3,6,2,4,1,5]]: 108 * 97416016
[[4,5,7,6,8,9],[1,8,9,3,2,7],[6,3,2,1,4,5]]: 108 * 97416016
[[4,5,7,6,8,9],[1,8,9,3,7,2],[2,3,6,4,5,1]]: 162 * 98153104
[[4,5,7,6,8,9],[1,8,9,3,7,2],[2,3,6,5,1,4]]: 108 * 97961464
[[4,5,7,6,8,9],[1,8,9,3,7,2],[2,6,3,4,5,1]]: 54 * 98153104
[[4,5,7,6,8,9],[1,8,9,3,7,2],[2,6,3,5,1,4]]: 216 * 97961464
[[4,5,7,6,8,9],[1,8,9,3,7,2],[3,6,2,5,1,4]]: 216 * 97416016
[[4,5,7,6,8,9],[1,8,9,3,7,2],[3,6,2,5,4,1]]: 108 * 97416016
[[4,5,7,6,8,9],[1,8,9,3,7,2],[6,2,3,4,1,5]]: 108 * 98733568
[[4,5,7,6,8,9],[1,8,9,3,7,2],[6,2,3,4,5,1]]: 108 * 98369440
[[4,5,7,6,8,9],[1,8,9,3,7,2],[6,3,2,1,5,4]]: 108 * 97910032
[[4,5,7,6,8,9],[1,8,9,3,7,2],[6,3,2,4,1,5]]: 108 * 97961464
[[4,5,7,6,8,9],[1,8,9,3,7,2],[6,3,2,4,5,1]]: 216 * 97910032
[[4,5,7,6,8,9],[1,8,9,3,7,2],[6,3,2,5,1,4]]: 108 * 97416016
[[4,5,7,6,8,9],[1,8,9,3,7,2],[6,3,2,5,4,1]]: 108 * 97416016
[[4,5,7,6,8,9],[1,8,9,7,2,3],[2,3,6,1,4,5]]: 54 * 98950072
[[4,5,7,6,8,9],[1,8,9,7,2,3],[2,6,3,1,4,5]]: 108 * 98371664
[[4,5,7,6,8,9],[1,8,9,7,2,3],[2,6,3,4,1,5]]: 108 * 98371664
[[4,5,7,6,8,9],[1,8,9,7,2,3],[2,6,3,5,4,1]]: 54 * 98371664
[[4,5,7,6,8,9],[1,8,9,7,2,3],[3,2,6,1,4,5]]: 108 * 98733568
[[4,5,7,6,8,9],[1,8,9,7,2,3],[3,6,2,1,4,5]]: 108 * 97116296
[[4,5,7,6,8,9],[1,8,9,7,2,3],[3,6,2,4,1,5]]: 108 * 97116296
[[4,5,7,6,8,9],[1,8,9,7,2,3],[3,6,2,5,1,4]]: 162 * 97477096
[[4,5,7,6,8,9],[1,8,9,7,2,3],[3,6,2,5,4,1]]: 270 * 97477096
[[4,5,7,6,8,9],[1,8,9,7,2,3],[6,2,3,1,4,5]]: 54 * 98784768
[[4,5,7,6,8,9],[1,8,9,7,2,3],[6,2,3,1,5,4]]: 54 * 101131392
[[4,5,7,6,8,9],[1,8,9,7,2,3],[6,2,3,4,1,5]]: 162 * 98784768
[[4,5,7,6,8,9],[1,8,9,7,2,3],[6,2,3,4,5,1]]: 18 * 101131392
[[4,5,7,6,8,9],[1,8,9,7,2,3],[6,2,3,5,1,4]]: 54 * 97992064
[[4,5,7,6,8,9],[1,8,9,7,2,3],[6,2,3,5,4,1]]: 54 * 97992064
[[4,5,7,6,8,9],[1,8,9,7,2,3],[6,3,2,1,4,5]]: 108 * 97539392
[[4,5,7,6,8,9],[1,8,9,7,2,3],[6,3,2,1,5,4]]: 108 * 97756224
[[4,5,7,6,8,9],[1,8,9,7,2,3],[6,3,2,4,1,5]]: 54 * 97539392
[[4,5,7,6,8,9],[1,8,9,7,2,3],[6,3,2,4,5,1]]: 216 * 97756224
[[4,5,7,6,8,9],[1,8,9,7,2,3],[6,3,2,5,1,4]]: 108 * 96482296
[[4,5,7,6,8,9],[1,8,9,7,2,3],[6,3,2,5,4,1]]: 108 * 96482296
[[4,5,7,6,8,9],[1,8,9,7,3,2],[2,3,6,1,4,5]]: 54 * 97961464
[[4,5,7,6,8,9],[1,8,9,7,3,2],[2,6,3,1,4,5]]: 108 * 97116296
[[4,5,7,6,8,9],[1,8,9,7,3,2],[2,6,3,5,1,4]]: 216 * 97116296
[[4,5,7,6,8,9],[1,8,9,7,3,2],[3,6,2,1,4,5]]: 108 * 97477096
[[4,5,7,6,8,9],[1,8,9,7,3,2],[3,6,2,5,1,4]]: 108 * 97116296
[[4,5,7,6,8,9],[1,8,9,7,3,2],[6,2,3,1,4,5]]: 108 * 97756224
[[4,5,7,6,8,9],[1,8,9,7,3,2],[6,2,3,5,1,4]]: 108 * 96380896
[[4,5,7,6,8,9],[1,8,9,7,3,2],[6,3,2,1,4,5]]: 108 * 97539392
[[4,5,7,6,8,9],[1,8,9,7,3,2],[6,3,2,4,1,5]]: 108 * 97539392
[[4,5,7,6,8,9],[1,8,9,7,3,2],[6,3,2,5,1,4]]: 108 * 96482296
[[4,5,7,6,8,9],[1,8,9,7,3,2],[6,3,2,5,4,1]]: 108 * 96482296
[[4,5,7,6,8,9],[1,9,8,2,3,7],[2,3,6,1,4,5]]: 162 * 96702240
[[4,5,7,6,8,9],[1,9,8,2,3,7],[2,3,6,4,5,1]]: 108 * 97477096
[[4,5,7,6,8,9],[1,9,8,2,3,7],[2,3,6,5,4,1]]: 108 * 96482296
[[4,5,7,6,8,9],[1,9,8,2,3,7],[3,2,6,1,4,5]]: 108 * 96702240
[[4,5,7,6,8,9],[1,9,8,2,3,7],[3,2,6,1,5,4]]: 54 * 96702240
[[4,5,7,6,8,9],[1,9,8,2,3,7],[3,2,6,4,1,5]]: 216 * 96702240
[[4,5,7,6,8,9],[1,9,8,2,3,7],[3,2,6,4,5,1]]: 108 * 96702240
[[4,5,7,6,8,9],[1,9,8,2,3,7],[3,2,6,5,4,1]]: 108 * 97346960
[[4,5,7,6,8,9],[1,9,8,2,3,7],[6,2,3,4,5,1]]: 108 * 97477096
[[4,5,7,6,8,9],[1,9,8,2,3,7],[6,3,2,1,4,5]]: 108 * 97116296
[[4,5,7,6,8,9],[1,9,8,2,3,7],[6,3,2,1,5,4]]: 108 * 97961464
[[4,5,7,6,8,9],[1,9,8,2,3,7],[6,3,2,4,5,1]]: 108 * 97961464
[[4,5,7,6,8,9],[1,9,8,2,7,3],[2,6,3,1,4,5]]: 216 * 97539392
[[4,5,7,6,8,9],[1,9,8,2,7,3],[2,6,3,1,5,4]]: 378 * 97549160
[[4,5,7,6,8,9],[1,9,8,2,7,3],[2,6,3,4,5,1]]: 54 * 97549160
[[4,5,7,6,8,9],[1,9,8,2,7,3],[3,2,6,1,5,4]]: 216 * 97477096
[[4,5,7,6,8,9],[1,9,8,2,7,3],[3,2,6,5,1,4]]: 108 * 98371664
[[4,5,7,6,8,9],[1,9,8,2,7,3],[6,2,3,4,5,1]]: 108 * 97416016
[[4,5,7,6,8,9],[1,9,8,2,7,3],[6,3,2,1,5,4]]: 108 * 98119872
[[4,5,7,6,8,9],[1,9,8,2,7,3],[6,3,2,4,5,1]]: 216 * 98119872
[[4,5,7,6,8,9],[1,9,8,3,2,7],[2,3,6,4,1,5]]: 108 * 97477096
[[4,5,7,6,8,9],[1,9,8,3,2,7],[2,3,6,5,4,1]]: 108 * 97539392
[[4,5,7,6,8,9],[1,9,8,3,2,7],[2,6,3,4,1,5]]: 54 * 97477096
[[4,5,7,6,8,9],[1,9,8,3,2,7],[6,2,3,4,5,1]]: 108 * 98369440
[[4,5,7,6,8,9],[1,9,8,3,2,7],[6,3,2,4,5,1]]: 108 * 98733568
[[4,5,7,6,8,9],[1,9,8,3,7,2],[2,3,6,1,5,4]]: 36 * 97549160
[[4,5,7,6,8,9],[1,9,8,3,7,2],[2,3,6,5,1,4]]: 216 * 97539392
[[4,5,7,6,8,9],[1,9,8,3,7,2],[2,6,3,4,5,1]]: 18 * 97549160
[[4,5,7,6,8,9],[1,9,8,3,7,2],[6,2,3,4,5,1]]: 108 * 97961464
[[4,5,7,6,8,9],[1,9,8,3,7,2],[6,3,2,4,5,1]]: 108 * 97539392
[[4,5,7,6,8,9],[1,9,8,7,2,3],[2,3,6,5,1,4]]: 216 * 97910032
[[4,5,7,6,8,9],[1,9,8,7,2,3],[2,3,6,5,4,1]]: 108 * 97910032
[[4,5,7,6,8,9],[1,9,8,7,2,3],[3,2,6,5,1,4]]: 108 * 97416016
[[4,5,7,6,8,9],[1,9,8,7,2,3],[3,2,6,5,4,1]]: 108 * 97416016
[[4,5,7,6,8,9],[1,9,8,7,2,3],[6,3,2,5,1,4]]: 108 * 97714592
[[4,5,7,6,8,9],[1,9,8,7,3,2],[2,3,6,5,1,4]]: 108 * 96482296
[[4,5,7,6,8,9],[1,9,8,7,3,2],[2,3,6,5,4,1]]: 216 * 96482296
[[4,5,7,6,8,9],[1,9,8,7,3,2],[3,2,6,5,1,4]]: 216 * 97116296
[[4,5,7,6,8,9],[1,9,8,7,3,2],[3,2,6,5,4,1]]: 108 * 97116296
[[4,5,7,6,8,9],[1,9,8,7,3,2],[6,2,3,4,5,1]]: 54 * 97539392
[[4,5,7,6,8,9],[1,9,8,7,3,2],[6,3,2,5,1,4]]: 54 * 96100688
[[4,5,7,6,8,9],[1,9,8,7,3,2],[6,3,2,5,4,1]]: 54 * 96100688
[[4,5,7,6,8,9],[2,8,9,1,3,7],[3,6,1,2,4,5]]: 216 * 96482296
[[4,5,7,6,8,9],[2,8,9,1,3,7],[3,6,1,2,5,4]]: 162 * 96807424
[[4,5,7,6,8,9],[2,8,9,1,3,7],[3,6,1,4,2,5]]: 54 * 97477096
[[4,5,7,6,8,9],[2,8,9,1,3,7],[6,3,1,2,4,5]]: 216 * 97116296
[[4,5,7,6,8,9],[2,8,9,1,3,7],[6,3,1,2,5,4]]: 216 * 97756224
[[4,5,7,6,8,9],[2,8,9,1,3,7],[6,3,1,5,2,4]]: 162 * 96631520
[[4,5,7,6,8,9],[2,8,9,1,7,3],[1,6,3,4,5,2]]: 6 * 99258880
[[4,5,7,6,8,9],[2,8,9,1,7,3],[3,6,1,2,5,4]]: 54 * 97455648
[[4,5,7,6,8,9],[2,8,9,1,7,3],[6,1,3,2,4,5]]: 108 * 97372400
[[4,5,7,6,8,9],[2,8,9,1,7,3],[6,1,3,2,5,4]]: 54 * 97714592
[[4,5,7,6,8,9],[2,8,9,1,7,3],[6,3,1,2,4,5]]: 54 * 97416016
[[4,5,7,6,8,9],[2,8,9,7,1,3],[1,6,3,2,4,5]]: 54 * 97714592
[[4,5,7,6,8,9],[2,8,9,7,1,3],[3,6,1,2,4,5]]: 108 * 96482296
[[4,5,7,6,8,9],[2,8,9,7,1,3],[3,6,1,2,5,4]]: 54 * 97455648
[[4,5,7,6,8,9],[2,8,9,7,1,3],[6,1,3,2,4,5]]: 108 * 97910032
[[4,5,7,6,8,9],[2,8,9,7,1,3],[6,1,3,2,5,4]]: 108 * 97992064
[[4,5,7,6,8,9],[2,8,9,7,1,3],[6,1,3,5,4,2]]: 54 * 97346960
[[4,5,7,6,8,9],[2,8,9,7,1,3],[6,3,1,2,4,5]]: 108 * 97416016
[[4,5,7,6,8,9],[2,8,9,7,1,3],[6,3,1,2,5,4]]: 108 * 97372400
[[4,5,7,6,8,9],[2,8,9,7,3,1],[1,6,3,2,4,5]]: 18 * 96100688
[[4,5,7,6,8,9],[2,8,9,7,3,1],[3,6,1,2,5,4]]: 54 * 96807424
[[4,5,7,6,8,9],[2,8,9,7,3,1],[6,1,3,2,4,5]]: 108 * 96482296
[[4,5,7,6,8,9],[2,8,9,7,3,1],[6,1,3,2,5,4]]: 108 * 97372400
[[4,5,7,6,8,9],[2,8,9,7,3,1],[6,1,3,5,4,2]]: 108 * 95596592
[[4,5,7,6,8,9],[2,8,9,7,3,1],[6,3,1,2,4,5]]: 108 * 97116296
[[4,5,7,6,8,9],[2,8,9,7,3,1],[6,3,1,2,5,4]]: 108 * 97756224
[[4,5,7,6,8,9],[2,8,9,7,3,1],[6,3,1,5,2,4]]: 54 * 96631520
[[4,5,7,6,8,9],[2,9,8,1,3,7],[3,1,6,2,4,5]]: 54 * 95596592
[[4,5,7,6,8,9],[2,9,8,1,3,7],[3,1,6,2,5,4]]: 108 * 95596592
[[4,5,7,6,8,9],[2,9,8,1,3,7],[3,1,6,5,4,2]]: 54 * 95596592
[[4,5,7,6,8,9],[2,9,8,1,3,7],[6,1,3,2,4,5]]: 54 * 96100688
[[4,5,7,6,8,9],[2,9,8,1,3,7],[6,1,3,2,5,4]]: 108 * 96482296
[[4,5,7,6,8,9],[2,9,8,1,3,7],[6,3,1,2,5,4]]: 54 * 97416016
[[4,5,7,6,8,9],[2,9,8,3,1,7],[3,1,6,5,2,4]]: 54 * 96100688
[[4,5,7,6,8,9],[2,9,8,3,1,7],[3,1,6,5,4,2]]: 108 * 95596592
[[4,5,7,6,8,9],[2,9,8,3,7,1],[3,6,1,5,4,2]]: 72 * 96631520
[[4,5,7,6,8,9],[2,9,8,7,1,3],[3,1,6,2,4,5]]: 108 * 96482296
[[4,5,7,6,8,9],[2,9,8,7,1,3],[3,1,6,2,5,4]]: 108 * 97116296
[[4,5,7,6,8,9],[2,9,8,7,1,3],[6,1,3,2,4,5]]: 108 * 96482296
[[4,5,7,6,8,9],[2,9,8,7,1,3],[6,3,1,2,4,5]]: 108 * 97756224
[[4,5,7,6,8,9],[2,9,8,7,1,3],[6,3,1,2,5,4]]: 108 * 97910032
[[4,5,7,6,8,9],[2,9,8,7,3,1],[3,1,6,2,4,5]]: 108 * 96380896
[[4,5,7,6,8,9],[2,9,8,7,3,1],[6,3,1,2,4,5]]: 108 * 96482296
[[4,5,7,6,8,9],[2,9,8,7,3,1],[6,3,1,2,5,4]]: 108 * 97416016
[[4,5,7,6,8,9],[3,8,9,1,2,7],[6,1,2,3,4,5]]: 108 * 97455648
[[4,5,7,6,8,9],[3,8,9,1,2,7],[6,1,2,3,5,4]]: 216 * 98733184
[[4,5,7,6,8,9],[3,8,9,1,2,7],[6,2,1,3,5,4]]: 72 * 101131392
[[4,5,7,6,8,9],[3,8,9,1,7,2],[6,1,2,3,4,5]]: 108 * 97910032
[[4,5,7,6,8,9],[3,8,9,1,7,2],[6,1,2,3,5,4]]: 108 * 97714592
[[4,5,7,6,8,9],[3,8,9,1,7,2],[6,1,2,5,3,4]]: 108 * 96482296
[[4,5,7,6,8,9],[3,8,9,1,7,2],[6,2,1,3,5,4]]: 54 * 97992064
[[4,5,7,6,8,9],[3,8,9,1,7,2],[6,2,1,5,3,4]]: 108 * 96380896
[[4,5,7,6,8,9],[3,8,9,2,1,7],[6,1,2,3,4,5]]: 108 * 97910032
[[4,5,7,6,8,9],[3,8,9,2,1,7],[6,1,2,3,5,4]]: 108 * 98733184
[[4,5,7,6,8,9],[3,8,9,2,1,7],[6,2,1,3,4,5]]: 216 * 98128064
[[4,5,7,6,8,9],[3,8,9,2,1,7],[6,2,1,3,5,4]]: 162 * 98784768
[[4,5,7,6,8,9],[3,8,9,2,7,1],[6,1,2,5,3,4]]: 108 * 96482296
[[4,5,7,6,8,9],[3,8,9,2,7,1],[6,2,1,3,5,4]]: 54 * 98784768
[[4,5,7,6,8,9],[3,8,9,7,1,2],[6,1,2,3,4,5]]: 54 * 98371664
[[4,5,7,6,8,9],[3,8,9,7,1,2],[6,1,2,3,5,4]]: 108 * 97992064
[[4,5,7,6,8,9],[3,8,9,7,1,2],[6,2,1,3,5,4]]: 54 * 97992064
[[4,5,7,6,8,9],[3,8,9,7,2,1],[6,1,2,3,4,5]]: 54 * 97346960
[[4,5,7,6,8,9],[3,9,8,1,7,2],[6,1,2,3,4,5]]: 216 * 98371664
[[4,5,7,6,8,9],[3,9,8,1,7,2],[6,1,2,3,5,4]]: 72 * 96807424
[[4,5,7,6,8,9],[3,9,8,2,1,7],[1,2,6,3,4,5]]: 108 * 97455648
[[4,5,7,6,8,9],[3,9,8,2,1,7],[6,1,2,3,4,5]]: 36 * 97372400
[[4,5,7,6,8,9],[3,9,8,2,1,7],[6,2,1,3,4,5]]: 108 * 98119872
[[4,5,7,6,8,9],[3,9,8,2,7,1],[6,1,2,3,5,4]]: 54 * 98119872
[[4,5,7,6,8,9],[3,9,8,7,1,2],[1,2,6,3,4,5]]: 108 * 98733184
[[4,5,7,6,8,9],[3,9,8,7,1,2],[1,2,6,3,5,4]]: 54 * 97416016
[[4,5,7,6,8,9],[3,9,8,7,1,2],[2,1,6,3,4,5]]: 108 * 97116296
[[4,5,7,6,8,9],[3,9,8,7,1,2],[2,1,6,3,5,4]]: 108 * 97116296
[[4,5,7,6,8,9],[3,9,8,7,1,2],[2,1,6,5,3,4]]: 108 * 95596592
[[4,5,7,6,8,9],[3,9,8,7,1,2],[6,1,2,3,4,5]]: 108 * 97910032
[[4,5,7,6,8,9],[3,9,8,7,1,2],[6,1,2,3,5,4]]: 108 * 97346960
[[4,5,7,6,8,9],[3,9,8,7,1,2],[6,2,1,3,5,4]]: 108 * 98371664
[[4,5,7,6,8,9],[3,9,8,7,2,1],[1,2,6,3,4,5]]: 54 * 97416016
[[4,5,7,6,8,9],[3,9,8,7,2,1],[2,1,6,3,4,5]]: 108 * 97287008
[[4,5,7,6,8,9],[3,9,8,7,2,1],[2,1,6,3,5,4]]: 108 * 97287008
[[4,5,7,6,8,9],[3,9,8,7,2,1],[6,1,2,3,4,5]]: 108 * 98048704
[[4,5,7,6,8,9],[3,9,8,7,2,1],[6,1,2,3,5,4]]: 108 * 98733184
[[4,5,7,6,8,9],[8,1,9,2,3,7],[6,3,2,4,1,5]]: 18 * 96100688
[[4,5,7,6,8,9],[8,3,9,2,1,7],[2,6,1,3,5,4]]: 54 * 98119872
[[4,5,7,6,8,9],[8,9,1,2,3,7],[2,3,6,1,4,5]]: 54 * 97685328
[[4,5,7,6,8,9],[8,9,1,2,3,7],[3,2,6,1,4,5]]: 108 * 97287008
[[4,5,7,6,8,9],[8,9,1,2,7,3],[2,3,6,1,5,4]]: 108 * 98153104
[[4,5,7,6,8,9],[8,9,1,2,7,3],[2,3,6,5,1,4]]: 108 * 98493856
[[4,5,7,6,8,9],[8,9,1,2,7,3],[3,2,6,1,5,4]]: 54 * 97549160
[[4,5,7,6,8,9],[8,9,1,7,2,3],[2,3,6,1,4,5]]: 54 * 100231616
[[4,5,7,6,8,9],[8,9,1,7,2,3],[2,3,6,1,5,4]]: 108 * 99525184
[[4,5,7,6,8,9],[8,9,1,7,2,3],[2,3,6,5,1,4]]: 54 * 98493856
[[4,5,7,6,8,9],[8,9,1,7,2,3],[3,2,6,1,4,5]]: 108 * 98733568
[[4,5,7,6,8,9],[8,9,1,7,2,3],[3,2,6,1,5,4]]: 108 * 98875264
[[4,5,7,6,8,9],[8,9,1,7,2,3],[3,2,6,5,1,4]]: 108 * 97549160
[[4,5,7,6,8,9],[8,9,1,7,3,2],[2,3,6,1,4,5]]: 108 * 98733568
[[4,5,7,6,8,9],[8,9,1,7,3,2],[3,2,6,1,4,5]]: 108 * 99083712
[[4,5,7,6,8,9],[8,9,1,7,3,2],[3,2,6,1,5,4]]: 54 * 98369440
[[4,5,7,6,8,9],[8,9,2,7,1,3],[1,3,6,2,4,5]]: 54 * 99083712
[[4,5,7,6,8,9],[8,9,2,7,1,3],[1,3,6,2,5,4]]: 54 * 98128064
[[4,5,7,6,8,9],[8,9,2,7,1,3],[3,1,6,2,4,5]]: 108 * 97287008
[[4,5,7,6,8,9],[8,9,2,7,3,1],[1,3,6,2,5,4]]: 54 * 98128064
[[4,5,7,6,8,9],[8,9,2,7,3,1],[3,1,6,2,4,5]]: 18 * 97282720
[[4,5,7,6,8,9],[8,9,3,2,7,1],[2,1,6,3,5,4]]: 54 * 98153104
[[4,5,7,6,8,9],[8,9,3,7,1,2],[2,1,6,3,5,4]]: 54 * 98369440
[[4,5,7,6,8,9],[8,9,3,7,1,2],[2,1,6,5,3,4]]: 54 * 96702240
[[4,5,7,6,8,9],[8,9,3,7,1,2],[6,1,2,5,3,4]]: 18 * 94888576
[[4,5,7,6,8,9],[8,9,3,7,2,1],[2,1,6,3,5,4]]: 108 * 98875264
[[4,5,7,6,8,9],[9,1,8,7,2,3],[3,2,6,1,5,4]]: 54 * 98875264
[[4,5,7,6,8,9],[9,1,8,7,2,3],[3,6,2,1,5,4]]: 54 * 98875264
[[4,5,7,6,8,9],[9,3,8,7,2,1],[1,6,2,3,5,4]]: 54 * 99525184
[[4,5,7,6,8,9],[9,8,1,7,2,3],[3,2,6,1,5,4]]: 54 * 102543168
[[4,5,9,6,7,8],[7,8,3,9,1,2],[1,2,6,3,4,5]]: 3 * 108374976
[[4,5,9,6,7,8],[7,8,3,9,1,2],[1,2,6,3,5,4]]: 27 * 102543168
[[4,5,9,6,7,8],[7,8,3,9,1,2],[2,1,6,3,5,4]]: 9 * 102047904
[[4,5,9,6,7,8],[7,8,3,9,2,1],[2,1,6,3,5,4]]: 9 * 102047904
