1 : 124 357 689 125 367 489 : 2484
2 : 124 357 689 125 368 479 : 2592
3 : 124 357 689 125 369 478 : 1296
4 : 124 357 689 125 378 469 : 1512
5 : 124 357 689 126 348 579 : 2808
6 : 124 357 689 126 349 578 : 684
7 : 124 357 689 126 357 489 : 1512
8 : 124 357 689 126 358 479 : 1944
9 : 124 357 689 126 359 478 : 2052
10 : 124 357 689 127 348 569 : 288
11 : 124 357 689 127 358 469 : 864
12 : 124 357 689 128 347 569 : 1188
13 : 124 357 689 128 357 469 : 648
14 : 124 357 689 128 369 457 : 2592
15 : 124 357 689 135 269 478 : 648
16 : 124 357 689 135 278 469 : 360
17 : 124 357 689 136 259 478 : 3240
18 : 124 357 689 138 267 459 : 540
19 : 124 357 689 138 269 457 : 756
20 : 124 357 689 145 269 378 : 324
21 : 124 357 689 145 278 369 : 432
22 : 124 357 689 146 239 578 : 756
23 : 124 357 689 147 269 358 : 864
24 : 124 357 689 148 269 357 : 108
25 : 124 357 689 156 239 478 : 756
26 : 124 358 679 125 368 479 : 516
27 : 124 358 679 126 348 579 : 576
28 : 124 358 679 127 358 469 : 432
29 : 124 358 679 137 269 458 : 324
30 : 124 358 679 147 258 369 : 72
31 : 124 358 679 147 269 358 : 216
32 : 124 358 679 156 237 489 : 252
33 : 124 359 678 127 356 489 : 288
34 : 124 359 678 127 359 468 : 864
35 : 124 359 678 147 258 369 : 216
36 : 124 359 678 147 268 359 : 432
37 : 124 369 578 125 369 478 : 216
38 : 124 369 578 127 369 458 : 144
39 : 124 369 578 135 267 489 : 324
40 : 124 369 578 147 258 369 : 108
41 : 124 379 568 146 239 578 : 12
42 : 126 348 579 135 249 678 : 20
43 : 126 378 459 147 258 369 : 24
44 : 147 258 369 147 258 369 : 4
