C=6
orbit_counts_rows_0_to_C=1,1,24,132,24,1,1
layer_totals_rows_0_to_C=1,7484400,6928346502000,513470940732288000,1583587180574163072000,70957164389662881792000,70957164389662881792000
from_row,source_orbits,target_orbits,contingency_leaves,raw_target_occurrences,globally_distinct_raw_targets,nonzero_orbit_transitions
0,1,1,1,1,1,1
1,1,24,27990,3355,3355,24
2,24,132,281066,165678,36374,2352
3,132,24,90557,57853,2758,2352
4,24,1,218,24,1,24
5,1,1,1,1,1,1
A_C=70957164389662881792000
N_linear_C=2^(C^2)*A_C=4876139207527966044188061990912000
