124 357 689 125 367 489 2484 97961464
124 357 689 125 368 479 2592 97539392
124 357 689 125 369 478 1296 98369440
124 357 689 125 378 469 1512 97910032
124 357 689 126 348 579 2808 96482296
124 357 689 126 349 578 684 97549160
124 357 689 126 357 489 1512 97287008
124 357 689 126 358 479 1944 97416016
124 357 689 126 359 478 2052 97477096
124 357 689 127 348 569 288 96807424
124 357 689 127 358 469 864 98119872
124 357 689 128 347 569 1188 98371664
124 357 689 128 357 469 648 98128064
124 357 689 128 369 457 2592 98733568
124 357 689 135 269 478 648 97455648
124 357 689 135 278 469 360 97372400
124 357 689 136 259 478 3240 97116296
124 357 689 138 267 459 540 95596592
124 357 689 138 269 457 756 97346960
124 357 689 145 269 378 324 97714592
124 357 689 145 278 369 432 97992064
124 357 689 146 239 578 756 98153104
124 357 689 147 269 358 864 98733184
124 357 689 148 269 357 108 98048704
124 357 689 156 239 478 756 96702240
124 358 679 125 368 479 516 98950072
124 358 679 126 348 579 576 97685328
124 358 679 127 358 469 432 98784768
124 358 679 137 269 458 324 98493856
124 358 679 147 258 369 72 100231616
124 358 679 147 269 358 216 99525184
124 358 679 156 237 489 252 96100688
124 359 678 127 356 489 288 96631520
124 359 678 127 359 468 864 97756224
124 359 678 147 258 369 216 99083712
124 359 678 147 268 359 432 98875264
124 369 578 125 369 478 216 102047904
124 369 578 127 369 458 144 101131392
124 369 578 135 267 489 324 96380896
124 369 578 147 258 369 108 102543168
124 379 568 146 239 578 12 99258880
126 348 579 135 249 678 20 94888576
126 378 459 147 258 369 24 97282720
147 258 369 147 258 369 4 108374976
